split_idx	swift	app.	total
1	2.545305252	3.406898499	5.952203751
2	2.545322418	3.405332565	5.950654984
3	2.570281982	2.41018486	4.980466843
4	2.700256348	2.930169106	5.630425453
5	2.669006348	2.930321693	5.599328041
6	3.148297548	2.329614639	5.477912188
7	3.150075197	2.2679739	5.418049097
8	2.669006348	2.268852234	4.937858582
9	2.67061615	1.72915554	4.39977169
10	3.150860786	1.729605675	4.880466461
11	2.67061615	1.241446495	3.912062645
12	3.150597572	1.241446495	4.392044067
13	2.701463699	1.038199425	3.739663124
14	3.148464203	1.02395916	4.172423363
15	3.148448944	1.015948296	4.16439724
16	3.148082733	0.984724045	4.132806778
17	3.148082733	0.984724045	4.132806778
18	2.67061615	0.978487968	3.649104118
19	2.701463699	0.971664906	3.673128605
vanilla	0	3.529935837	3.529935837
