split_idx	swift	app.	total
1	0.922840118	13.93152428	14.8543644
2	1.204039574	13.93137312	15.13541269
3	1.066112518	13.93173933	14.99785185
4	0.923290253	9.819020271	10.74231052
5	1.405794621	10.29378128	11.6995759
6	1.265113831	10.29266882	11.55778265
7	1.265113831	10.2921133	11.55722713
8	1.370326042	8.052309036	9.422635078
9	1.265113831	6.366291523	7.631405354
10	1.265113831	8.053574562	9.318688393
11	1.296498775	8.054535389	9.351034164
12	1.265113831	8.055105686	9.320219517
13	1.296498775	6.930399418	8.226898193
14	1.351682186	6.173710346	7.525392532
15	1.265113831	6.933006763	8.198120594
16	1.265113831	6.927609921	8.192723751
17	1.334774613	6.927609921	8.262384534
18	1.356243134	6.366717815	7.722960949
19	1.265113831	6.079197407	7.344311237
20	1.350165844	0.910656452	2.260822296
21	1.265113831	0.423840523	1.688954353
vanilla	0	10.28577232	10.28577232
