split_idx	swift	app.	total
1	1.035076141	9.852366924	10.88744307
2	1.343383312	7.281859875	8.625243187
3	1.178348541	7.281859875	8.460208416
4	1.035526276	3.917663097	4.953189373
5	1.052967072	3.919080257	4.972047329
6	1.05878067	3.546400547	4.605181217
7	1.052967072	2.611300945	3.664268017
8	1.172158003	2.087019444	3.259177446
9	1.163346052	1.620006084	2.783352137
10	1.171418548	1.468708992	2.64012754
11	1.047153473	1.259994507	2.30714798
12	1.05878067	0.336015701	1.394796371
13	1.150332928	0.21349144	1.363824368
vanilla	0	6.954785347	6.954785347
